DBA Name,Address,City,State,Zip,Inspection Date,Results,Violations,Latitude,Longitude,DBA_NAME_CLEAN,ADDRESS_CLEAN,IS_JUNK_STORE,IS_REAL_GROCERY,HAS_PRODUCE_FLAG,geometry,index_right,Community,shape_area,area_num_1,AreaNumber,shape_len,IS_REVIEWED_REAL,REVIEW_NOTES
Lil Sams Mini Mart,3753 W Division St,CHICAGO,IL,60651.0,2025-03-25,Pass,"36. THERMOMETERS PROVIDED & ACCURATE - Comments: 4-204.112(B) OBSERVED NO AMBIENT AIR THERMOMETERS INSIDE DISPLAY COOLERS AT THE FRONT OF THE FACILITY. INSTRUCTED TO PROVIDE. | 53. TOILET FACILITIES: PROPERLY CONSTRUCTED, SUPPLIED, & CLEANED - Comments: 5-501.17 OBSERVED NO COVER ON TRASH CAN IN THE EMPLOYEE WASHROOM. INSTRUCTED TO PROVIDE. | 55. PHYSICAL FACILITIES INSTALLED, MAINTAINED & CLEAN - Comments: 6-501.16 OBSERVED IMPROPER STORAGE OF MOP IN A BUCKET OF WATER AT THE REAR KITCHEN AREA OF THE FAILITY. INSTRUCTED TO STORE PROPERLY BETWEEN USAGE. | 55. PHYSICAL FACILITIES INSTALLED, MAINTAINED & CLEAN - Comments: 6-201.11 OBSERVED DIRTY FLOORS THROUGHOUT THE FACILITY. INSTRUCTED TO CLEAN AND MAINTAIN. | 55. PHYSICAL FACILITIES INSTALLED, MAINTAINED & CLEAN - Comments: 6-501.114 OBSERVED UNUSED/OLD EQUIPMENT IN THE REAR OF THE FACILITY IN THE KITCHEN AREA. INSTRUCTED TO DISCARD/REMOVE FROM SITE. | 57. ALL FOOD EMPLOYEES HAVE FOOD HANDLER TRAINING - Comments: 2-102.13 OBSERVED NO FOOD HANDLERS TRAINING CERTIFICATE POSTED. INSTRUCTED TO PROVIDE AND POST. | 58. ALLERGEN TRAINING AS REQUIRED - Comments: 2-102.13 OBSERVED NO FOOD EMPLOYEE WITH PROOF OF ALLERGEN TRAINING. INSTRUCTED ALL CITY OF CHICAGO CERTIFIED FOOD MANAGERS OBTAIN THIS CERTIFICATE.",41.9026057850102,-87.7210949282073,LIL SAMS MINI MART,3753 W DIVISION ST,True,False,False,POINT (-87.7210949282073 41.9026057850102),22.0,HUMBOLDT PARK,100480876.502,23.0,23.0,48583.0643299,,
"Quick Food Mart 2, Inc.",547 N Kedzie Ave,CHICAGO,IL,60612.0,2024-12-20,Pass,,41.891759531797,-87.7062947815695,QUICK FOOD MART 2 INC,547 N KEDZIE AVE,True,False,False,POINT (-87.7062947815695 41.891759531797),22.0,HUMBOLDT PARK,100480876.502,23.0,23.0,48583.0643299,,
Tamara 1  Food Mart,3452 W Chicago Ave,CHICAGO,IL,60651.0,2024-09-23,Pass W/ Conditions,"3. MANAGEMENT, FOOD EMPLOYEE AND CONDITIONAL EMPLOYEE; KNOWLEDGE, RESPONSIBILITIES AND REPORTING - Comments: OBSERVED NO VERIFIABLE EMPLOYEE HEALTH POLICY ON SITE AT TIME OF INSPECTION. LEFT TEMPLATE AND INSTRUCTED TO MAINTAIN COPIES OF VERIFIABLE HEALTH POLICY SIGNED BY ALL EMPLOYEES ON SITE AT ALL TIMES. PRIORITY FOUNDATION VIOLATION 7-38-010. CITATION ISSUED. | 5. PROCEDURES FOR RESPONDING TO VOMITING AND DIARRHEAL EVENTS - Comments: OBSERVED NO KIT AND PROCEDURE ON SITE FOR RESPONDING TO VOMIT AND DIARRHEA AT TIME OF INSPECTION. INSTRUCTED TO MAINTAIN KIT CONTAINING ALL NECESSARY SUPPLIES INCLUDING A SANITIZER RATED AS EFFECTIVE AGAINST NOROVIRUS ON SITE AT ALL TIMES. PRIORITY FOUNDATION VIOLATION 7-38-005. NO CITATION ISSUED.   | 55. PHYSICAL FACILITIES INSTALLED, MAINTAINED & CLEAN - Comments: OBSERVED SOILED MOP HEADS NOT PROPERLY STORED. INSTRUCTED MANAGER TO HANG MOP HEADS TO PREVENT INSECT BREEDING.  | 55. PHYSICAL FACILITIES INSTALLED, MAINTAINED & CLEAN - Comments: OBSERVED SOME WATER STAINED CEILING THROUGHOUT FACILITY. INSTRUCTED TO REPLACE AND MAINTAIN | 57. ALL FOOD EMPLOYEES HAVE FOOD HANDLER TRAINING - Comments: OBSERVED NO FOOD HANDLER CERTIFICATES ON SITE AT TIME OF INSPECTION. INSTRUCTED ALL EMPLOYEES MUST COMPLETE FOOD HANDLER TRAINING AND MAINTAIN RECORDS THEREOF ON SITE AT ALL TIMES.",41.8955964397716,-87.7135399789888,TAMARA 1 FOOD MART,3452 W CHICAGO AVE,True,False,False,POINT (-87.7135399789888 41.8955964397716),22.0,HUMBOLDT PARK,100480876.502,23.0,23.0,48583.0643299,,
Family Dollar # 7726,3217 W North Ave,CHICAGO,IL,60647.0,2024-06-20,Pass,"55. PHYSICAL FACILITIES INSTALLED, MAINTAINED & CLEAN - Comments: FOUND FLOORS NOT CLEAN AT REAR STORAGE/BREAK AREAS.MUST CLEAN.",41.9099973278479,-87.7076577613768,FAMILY DOLLAR 7726,3217 W NORTH AVE,True,False,False,POINT (-87.7076577613768 41.9099973278479),22.0,HUMBOLDT PARK,100480876.502,23.0,23.0,48583.0643299,,
Central Park Foods Inc,3604 W Grand Ave,CHICAGO,IL,60651.0,2024-04-15,Out Of Business,,41.9024736737817,-87.7168174652953,CENTRAL PARK FOODS INC,3604 W GRAND AVE,True,False,False,POINT (-87.7168174652953 41.9024736737817),22.0,HUMBOLDT PARK,100480876.502,23.0,23.0,48583.0643299,,
Mj Tobacco & Food Mart Inc.,3925 W Chicago Ave,CHICAGO,IL,60651.0,2023-12-18,Out Of Business,,41.895268077120704,-87.7248002322689,MJ TOBACCO FOOD MART INC,3925 W CHICAGO AVE,True,False,False,POINT (-87.7248002322689 41.895268077120704),22.0,HUMBOLDT PARK,100480876.502,23.0,23.0,48583.0643299,,
Sheri & James Food Mart,1327 N Homan Ave,CHICAGO,IL,60651.0,2023-11-20,Out Of Business,,41.9054742077752,-87.7116156773986,SHERI JAMES FOOD MART,1327 N HOMAN AVE,True,False,False,POINT (-87.7116156773986 41.9054742077752),22.0,HUMBOLDT PARK,100480876.502,23.0,23.0,48583.0643299,,
North Ave Bp,3138-3150 W North Ave,CHICAGO,IL,60647.0,2022-12-09,Pass,"53. TOILET FACILITIES: PROPERLY CONSTRUCTED, SUPPLIED, & CLEANED - Comments: MUST PROVIDE COVERED WASTE RECEPTACLES IN THE EMPLOYEE AND CUSTOMER WASHROOMS. | 56. ADEQUATE VENTILATION & LIGHTING; DESIGNATED AREAS USED - Comments: THE VENTILATION FAN IN THE CUSTOMER WASHROOM IS NOT OPERATIONAL.  MUST REPAIR OR REPLACE THE VENTILATION FAN.",41.9102314434353,-87.7060631380264,NORTH AVE BP,31383150 W NORTH AVE,True,False,False,POINT (-87.7060631380264 41.9102314434353),22.0,HUMBOLDT PARK,100480876.502,23.0,23.0,48583.0643299,,
Jordan First Mini Mart Inc,3608 W Chicago Ave,CHICAGO,IL,60651.0,2022-07-01,Pass,"38. INSECTS, RODENTS, & ANIMALS NOT PRESENT - Comments: OBSERVED OPENINGS AROUND THE FRONT DOOR WITH TAPE AS A METHOD TO SEAL OPENINGS. INSTRUCTED TO REMOVE TAPE AND SEAL REAR GREEN DOOR LEADING TO UPSTAIRS AND BASEMENT PROVIDE PROPER SEALING AS A MEANS OF PREVENTING PEST AND OR INSECT ENTERING AND HARBORING. | 51. PLUMBING INSTALLED; PROPER BACKFLOW DEVICES - Comments: OBSERVED LEAK AT THE BASE OF THE UTILITY SINK FAUCET. INSTRUCTED TO REPAIR AND MAINTAIN. | 55. PHYSICAL FACILITIES INSTALLED, MAINTAINED & CLEAN - Comments: OBSERVED FLOORS IN REAR STORAGE AREA WITH CRACKS AND MISSING PIECES OF CONCRETE, INSTRUCTED TO SEAL FLOOR TO MAKE EASY TO CLEAN AND MAINTAIN. | 55. PHYSICAL FACILITIES INSTALLED, MAINTAINED & CLEAN - Comments: OBSERVED BASES ALONG WALLS COMING LOOSE AND SOME WITH HOLES ALLOWING POSSIBLE ENTRANCE OF PEST AND OR INSECTS. INSTRUCTED TO SEAL ALL AREAS. | 55. PHYSICAL FACILITIES INSTALLED, MAINTAINED & CLEAN - Comments: OBSERVED MISSING, STAINED AND POSSIBLE MOLDED TILES THROUGHOUT FACILITY. INSTRUCTED TO REPAIR AND REPLACE ALL. | 56. ADEQUATE VENTILATION & LIGHTING; DESIGNATED AREAS USED - Comments: OBSERVED LIGHT SHIELD IN TOILET ROOM MISSING. INSTRUCTED TO REPAIR AND MAINTAIN. | 56. ADEQUATE VENTILATION & LIGHTING; DESIGNATED AREAS USED - Comments: OBSERVED ONE MISSING VENT COVER IN FRONT COUNTER AREA. INSTRUCTED TO REPLACE.",41.8955663543846,-87.7167426961578,JORDAN FIRST MINI MART INC,3608 W CHICAGO AVE,True,False,False,POINT (-87.7167426961578 41.8955663543846),22.0,HUMBOLDT PARK,100480876.502,23.0,23.0,48583.0643299,,
Buy Low Liquors,4301-4305 W North Ave,CHICAGO,IL,60639.0,2022-02-23,Pass,"47. FOOD & NON-FOOD CONTACT SURFACES CLEANABLE, PROPERLY DESIGNED, CONSTRUCTED & USED - Comments: FOUND BROKEN GASKETS ON THE DOOR OF THE REAR BEER WALK-IN COOLER. FOUND THE BOTTOM OF THE DOOR AND GASKETS BROKEN ON THE FRONT BEER WALK-IN COOLER. MUST REPAIR AND MAINTAIN. | 51. PLUMBING INSTALLED; PROPER BACKFLOW DEVICES - Comments: FOUND A LEAK AT THE REAR 2-COMPARTMENT SINK FAUCET. MUST REPAIR. | 51. PLUMBING INSTALLED; PROPER BACKFLOW DEVICES - Comments: UNABLE TO LOCATE BACKFLOW PREVENTION DEVICE ON THE MOP SINK. MUST PROVIDE. | 55. PHYSICAL FACILITIES INSTALLED, MAINTAINED & CLEAN - Comments: FOUND CARBOARD LINING THE WALL UNDERNEATH THE 2-COMPARTMENT SINK IN THE BACK AREA. MUST REMOVE CARBOARD TO PROVIDE A WALL THAT IS SMOOTH AND EASILY CLEANABLE. | 55. PHYSICAL FACILITIES INSTALLED, MAINTAINED & CLEAN - Comments: MUST REPLACE MISSING CEILING TILE IN RESTROOM. | 56. ADEQUATE VENTILATION & LIGHTING; DESIGNATED AREAS USED - Comments: FOUND A BURNED OUT LIGHT BULB IN THE REAR BEER WALK-IN COOLER. MUST REPLACE TO PROVIDE ADEQUATE LIGHTING.",41.909676222517504,-87.7339238611247,BUY LOW LIQUORS,43014305 W NORTH AVE,True,False,False,POINT (-87.7339238611247 41.909676222517504),22.0,HUMBOLDT PARK,100480876.502,23.0,23.0,48583.0643299,,
North & Pulaski Food Mart Plus Inc.,4011 W North Ave,CHICAGO,IL,60639.0,2021-09-08,Pass,,41.9097690818956,-87.7268902205342,NORTH PULASKI FOOD MART PLUS INC,4011 W NORTH AVE,True,False,False,POINT (-87.7268902205342 41.9097690818956),22.0,HUMBOLDT PARK,100480876.502,23.0,23.0,48583.0643299,,
Dollar Tree #08796,1550 N Kostner Ave,CHICAGO,IL,60651.0,2021-06-02,Pass,,41.9091428746509,-87.7364739874582,DOLLAR TREE 08796,1550 N KOSTNER AVE,True,False,False,POINT (-87.7364739874582 41.9091428746509),22.0,HUMBOLDT PARK,100480876.502,23.0,23.0,48583.0643299,,
Division & Pulaski Food Mart,1149-1151 N Pulaski Rd,CHICAGO,IL,60651.0,2020-09-01,Out Of Business,,41.9022540877248,-87.7261431917623,DIVISION PULASKI FOOD MART,11491151 N PULASKI RD,True,False,False,POINT (-87.7261431917623 41.9022540877248),22.0,HUMBOLDT PARK,100480876.502,23.0,23.0,48583.0643299,,
Franklin Super Foods & Liquors Inc,501 N Kedzie Ave,CHICAGO,IL,60612.0,2020-08-19,Pass W/ Conditions,"5. PROCEDURES FOR RESPONDING TO VOMITING AND DIARRHEAL EVENTS - Comments: OBSERVED NO WRITTEN CLEAN UP PROCEDURE OR NECESSARY ITEMS AVAILABLE ON SITE FOR RESPONDING TO VOMIT AND DIAARHEAL EVENTS THAT CAN OCCUR ON SITE. INSTRUCTED TO PROVIDE AND MAINTAIN. PRIORITY FOUNDATION VIOLATION. 7-38-005. NO CITATION ISSUED.  | 53. TOILET FACILITIES: PROPERLY CONSTRUCTED, SUPPLIED, & CLEANED - Comments: OBSERVED ALL PLUMBING FIXTURES IN NEED OF DEEP CLEANING. INSTRUCTED TO CLEAN AND MAINTAIN.  | 54. GARBAGE & REFUSE PROPERLY DISPOSED; FACILITIES MAINTAINED - Comments: OBSERVED OUTSIDE AREA BEAR RECEPTACLE WITH EXCESSIVE AMOUNTS OF GARBAGE , BROKEN EQUIPMENT, TRASH, LIQUOR BOTTLES, AND CRATES. INSTRUCTED TO REMOVE ALL SAID ITEMS FROM INSIDE GATED AREA AND MAINTAIN FREE OF HARBORING SPACES FOR PEST.  | 55. PHYSICAL FACILITIES INSTALLED, MAINTAINED & CLEAN - Comments: OBSERVED EXCESSIVE AMOUNTS OF TRASH, BOXES FILLED WITH OPENED BOTTLES OF LIQUORS  ACCUMULATED ON FLOORS THROUGHOUT LARGE LIQUOR STORAGE AREA OF FACILITY ESPECIALLY UNDER CRATES USED FOR ELEVATION.INSTRUCTED TO CLEAN AND MAINTAIN ALL LIQUOR AND BEER STORAGE AREAS THROUGHOUT THE PREMISE, CLEAN FLOORS AND REMOVE ALL UNNECESSARY ITEMS . INSTRUCTED TO PROVIDE ADEQUATE SHELVING UNITS THROUGHOUT.  | 56. ADEQUATE VENTILATION & LIGHTING; DESIGNATED AREAS USED - Comments: INSTRUCTED TO PROVIDE ADEQUATE LIGHTING IN REAR STORAGE AREA. MUST MAINTAIN.",41.8903891103955,-87.7062530476389,FRANKLIN SUPER FOODS LIQUORS INC,501 N KEDZIE AVE,True,False,False,POINT (-87.7062530476389 41.8903891103955),22.0,HUMBOLDT PARK,100480876.502,23.0,23.0,48583.0643299,,
"Dollar Day Plus & Food Mart, Inc",4236 W North Ave,CHICAGO,IL,60639.0,2020-06-22,Out Of Business,,41.9099096688111,-87.7327739897356,DOLLAR DAY PLUS FOOD MART INC,4236 W NORTH AVE,True,False,False,POINT (-87.7327739897356 41.9099096688111),22.0,HUMBOLDT PARK,100480876.502,23.0,23.0,48583.0643299,,
Bp,3153-3159 W Chicago Ave,CHICAGO,IL,60622.0,2020-06-15,Pass W/ Conditions,"10. ADEQUATE HANDWASHING SINKS PROPERLY SUPPLIED AND ACCESSIBLE - Comments: NO HAND SOAP PROVIDED AT DISH ROOM HAND WASH SINK, INSTRUCTED TO PROVIDE. PRIORITY FOUNDATION VIOLATION 7-38-030(C) NO CITATION ISSUED. | 51. PLUMBING INSTALLED; PROPER BACKFLOW DEVICES - Comments: NO VISIBLE BACK FLOW PREVENTION DEVICE FOR COFFEE MAKERS, INSTRUCTED TO INSTALL.",41.8954465561575,-87.7062375407087,BP,31533159 W CHICAGO AVE,True,False,False,POINT (-87.7062375407087 41.8954465561575),22.0,HUMBOLDT PARK,100480876.502,23.0,23.0,48583.0643299,,
Florida Food & Liquor,4201 W Augusta Blvd,CHICAGO,IL,60651.0,2020-04-02,Pass W/ Conditions,"2. CITY OF CHICAGO FOOD SERVICE SANITATION CERTIFICATE - Comments: OBSERVED FACILITY MANAGER WITH AN EXPIRED ORIGINAL CITY OF CHICAGO FOOD SERVICE CERTIFICATE ON SITE. INFORMED PERSON IN CHARGE CITY OF CHICAGO ORIGINAL FOOD SERVICE CERTIFICATE MUST BE MAINTAIN AND UP TO DATE, POSTED ON SITE AND CERTIFIED MANAGER ON SITE WHEN TCS FOODS ARE BEING SLICED AND SERVED DURING OPERATING HOURS. PRIORITY FOUNDATION VIOLATION #7-38-012. NO CITATION ISSUED. | 3. MANAGEMENT, FOOD EMPLOYEE AND CONDITIONAL EMPLOYEE; KNOWLEDGE, RESPONSIBILITIES AND REPORTING - Comments: OBSERVED NO WRITTEN EMPLOYEE HEALTH POLICY ON SITE. INSTRUCTED FACILITY TO ESTABLISH AN APPROPRIATE EMPLOYEE HEALTH POLICY AND MAINTAIN WITH VERIFIABLE SIGNED COPIES ON SITE FOR ALL FOOD EMPLOYEES.  PRIORITY FOUNDATION VIOLATION #7-38-010. NO CITATION ISSUED. | 5. PROCEDURES FOR RESPONDING TO VOMITING AND DIARRHEAL EVENTS - Comments: OBSERVED NO WRITTEN PROCEDURES OR SUPPLIES FOR RESPONDING TO VOMITING OR DIARRHEAL EVENTS. SUPPLIES MUST INCLUDE ADEQUATE SANITIZER THAT ELIMINATES NOROVIRUS. INSTRUCTED FACILITY TO PROVIDE CLEAN UP POLICY AND SUPPLIES TO PROPERLY HANDLE BODILY FLUID SPILLS ON SITE. PRIORITY FOUNDATION VIOLATION #7-38-005. NO CITATION ISSUED. | 49. NON-FOOD/FOOD CONTACT SURFACES CLEAN - Comments: OBSERVED AN ACCUMULATION OF  FOOD DEBRIS ON THE MEAT SLICER EQUIPMENT LOCATED NEAR THE THREE COMPARTMENT SINK. MUST DETAIL CLEAN ALL AREAS AND MAINTAIN. | 49. NON-FOOD/FOOD CONTACT SURFACES CLEAN - Comments: OBSERVED AN EXCESSIVE AMOUNT  ICE BUILDUP IN THE INTERIOR OF THE CHESST FREEZER LOCATED IN THE REAR. MUST REMOVE EXCESS ICE, DETAIL CLEAN, AND MAINTAIN. | 52. SEWAGE & WASTE WATER PROPERLY DISPOSED - Comments: OBSERVED THREE COMPARTMENT WARE WASHING SINK WITHOUT APPROVED GREASE TRAP. INSTRUCTED PERSON IN CHARGE TO OBTAIN, INSTALL AND MAINTAIN AT ALL TIMES. | 55. PHYSICAL FACILITIES INSTALLED, MAINTAINED & CLEAN - Comments: OBSERVED MISSING AND DAMAGED FLOOR TILES ON THE SALES FLOOR. INSTRUCTED TO REPAIR TO CREATE A SMOOTH AND EASILY CLEANABLE SURFACE. MUST MAINTAIN AT ALL TIMES. | 55. PHYSICAL FACILITIES INSTALLED, MAINTAINED & CLEAN - Comments: OBSERVED WATER STAINED CEILING TILES BEHIND THE DELI COUNTER AND SALES FLOOR. INSTRUCTED TO REPLACE THE STAINED CEILING TILES. | 55. PHYSICAL FACILITIES INSTALLED, MAINTAINED & CLEAN - Comments: OBSERVED CHIPPED PAINT ON THE WALLS IN THE RESTROOM ON PREMISE. INSTRUCTED TO RESURFACE AND REPAINT CHIPPED AREAS TO ENSURE WALLS ARE SEALED, SMOOTH AND EASILY CLEANABLE. | 55. PHYSICAL FACILITIES INSTALLED, MAINTAINED & CLEAN - Comments: OBSERVED MOP IN A POSITION LOCATED IN THE REAR THAT DOES NOT ALLOW TO DRY PROPERLY AND PREVENT PEST HARBORAGE. MUST STORE MOP AFTER USE IN A MOUNTED POSITION THAT ALLOWS FOR AIR-DRYING WITHOUT SOILING AND PEST HARBORAGING.",41.8988262686259,-87.731235077862,FLORIDA FOOD LIQUOR,4201 W AUGUSTA BLVD,True,False,False,POINT (-87.731235077862 41.8988262686259),22.0,HUMBOLDT PARK,100480876.502,23.0,23.0,48583.0643299,,
Jimmy Food & Tobacco,3636 W Augusta Blvd,CHICAGO,IL,60651.0,2020-04-02,Out Of Business,,41.899207104685,-87.7178092042641,JIMMY FOOD TOBACCO,3636 W AUGUSTA BLVD,True,False,False,POINT (-87.7178092042641 41.899207104685),22.0,HUMBOLDT PARK,100480876.502,23.0,23.0,48583.0643299,,
Grand & Pulaski Citgo,1345 N Pulaski Rd,CHICAGO,IL,60651.0,2020-03-18,Out Of Business,,41.9057938403389,-87.7262511370716,GRAND PULASKI CITGO,1345 N PULASKI RD,True,False,False,POINT (-87.7262511370716 41.9057938403389),22.0,HUMBOLDT PARK,100480876.502,23.0,23.0,48583.0643299,,
"Gran Fuel Mart, Inc. / Citgo Gas & Mini Mart",1343-1355 N Pulaski Rd,CHICAGO,IL,60651.0,2020-03-18,Pass W/ Conditions,"5. PROCEDURES FOR RESPONDING TO VOMITING AND DIARRHEAL EVENTS - Comments: NO VOMIT/ DIARRHEA CLEANUP KIT ON SITE. INSTRUCTED TO OBTAIN, NO CITATION",41.9057261763819,-87.7262491035183,GRAN FUEL MART INC CITGO GAS MINI MART,13431355 N PULASKI RD,True,False,False,POINT (-87.7262491035183 41.9057261763819),22.0,HUMBOLDT PARK,100480876.502,23.0,23.0,48583.0643299,,
J & H Food Mart Plus,3929 W Grand Ave,CHICAGO,IL,60651.0,2019-09-06,Out Of Business,,41.9055118766421,-87.7251120001529,J H FOOD MART PLUS,3929 W GRAND AVE,True,False,False,POINT (-87.7251120001529 41.9055118766421),22.0,HUMBOLDT PARK,100480876.502,23.0,23.0,48583.0643299,,
Family Dollar Store #7156,3401 W Chicago Ave,CHICAGO,IL,60651.0,2019-06-17,Out Of Business,,41.89539633188289,-87.7114951752533,FAMILY DOLLAR STORE 7156,3401 W CHICAGO AVE,True,False,False,POINT (-87.7114951752533 41.89539633188289),22.0,HUMBOLDT PARK,100480876.502,23.0,23.0,48583.0643299,,
Melissa'S Food & Liquors Inc,3867 W Grand Ave,CHICAGO,IL,60651.0,2019-05-07,Out Of Business,,41.9050594546455,-87.7239513845392,MELISSAS FOOD LIQUORS INC,3867 W GRAND AVE,True,False,False,POINT (-87.7239513845392 41.9050594546455),22.0,HUMBOLDT PARK,100480876.502,23.0,23.0,48583.0643299,,
Walgreens #11410,1627 N Pulaski Rd,CHICAGO,IL,60639.0,2018-05-11,Pass,"34. FLOORS: CONSTRUCTED PER CODE, CLEANED, GOOD REPAIR, COVING INSTALLED, DUST-LESS CLEANING METHODS USED - Comments: OBSERVED FLOORS UNDER AISLE SHELVING DIRTY.INSTRUCTED MANANAGEMENT TO CLEAN FLOORS UNDER AISLE SHELVING. | 41. PREMISES MAINTAINED FREE OF LITTER, UNNECESSARY ARTICLES, CLEANING  EQUIPMENT PROPERLY STORED - Comments: OBSERVED CLUTTER AT SECOND FLOOR STORAGE AREA.INSTRUCTED MANAGEMENT TO REMOVE CLUTTER TO PREVENT PEST HARBORAGE.",41.9107144764184,-87.7262104228148,WALGREENS 11410,1627 N PULASKI RD,True,False,False,POINT (-87.7262104228148 41.9107144764184),22.0,HUMBOLDT PARK,100480876.502,23.0,23.0,48583.0643299,,
Family  Dollar,1360 N Pulaski Rd,CHICAGO,IL,60651.0,2018-01-12,Pass,"34. FLOORS: CONSTRUCTED PER CODE, CLEANED, GOOD REPAIR, COVING INSTALLED, DUST-LESS CLEANING METHODS USED - Comments:  FLOORS UNDER AISLE SHELVING VERY DIRTY. INSTRUCTED MANAGEMENT TO CLEAN FLOORS UNDER AISLE SHELVING ALSO FLOORS AT REAR STORAGE AREAS DIRTY ALSO NEED CLEANING",41.9061278752491,-87.7265540308863,FAMILY DOLLAR,1360 N PULASKI RD,True,False,False,POINT (-87.7265540308863 41.9061278752491),22.0,HUMBOLDT PARK,100480876.502,23.0,23.0,48583.0643299,,
Family Dollar #5012,3845 W North Ave,CHICAGO,IL,60647.0,2017-11-20,Pass,"34. FLOORS: CONSTRUCTED PER CODE, CLEANED, GOOD REPAIR, COVING INSTALLED, DUST-LESS CLEANING METHODS USED - Comments: OBSERVED FLOOR IN POOR REPAIR IN REAR STORAGE AREA NOTED BROKEN AND MISSING FLOOR TILES AND OPENINGS INTO FLOOR. MUST REPAIR FLOOR AND SEAL OPENINGS WHENEVER NEEDED. | 35. WALLS, CEILINGS, ATTACHED EQUIPMENT CONSTRUCTED PER CODE: GOOD REPAIR, SURFACES CLEAN AND DUST-LESS CLEANING METHODS - Comments: OBSERVED MISSING CEILING TILE IN OFFICE ROOM AND OPENINGS INTO WALLS. MUST REPAIR AND MAINTAIN. OBSERVED PEELING PAINT ON WASHROOMS WALLS AND REAR STOARGE ROOMS. MUST REPAINT AND MAINTAIN. WALLS MUST BE SMOOTH AND EASILY CLEANABLE SURFACES.",41.9098096269867,-87.7234261865432,FAMILY DOLLAR 5012,3845 W NORTH AVE,True,False,False,POINT (-87.7234261865432 41.9098096269867),22.0,HUMBOLDT PARK,100480876.502,23.0,23.0,48583.0643299,,
"Max Food Mart, Inc",4203 W North Ave,CHICAGO,IL,60644.0,2017-10-23,Pass,,41.9097057482702,-87.7315519980116,MAX FOOD MART INC,4203 W NORTH AVE,True,False,False,POINT (-87.7315519980116 41.9097057482702),22.0,HUMBOLDT PARK,100480876.502,23.0,23.0,48583.0643299,,
"Monticello Food Mart, Inc",1000 N Monticello Ave,CHICAGO,IL,60651.0,2015-12-09,Out Of Business,,41.8991862285363,-87.7178042716516,MONTICELLO FOOD MART INC,1000 N MONTICELLO AVE,True,False,False,POINT (-87.7178042716516 41.8991862285363),22.0,HUMBOLDT PARK,100480876.502,23.0,23.0,48583.0643299,,
Fresh Start Mini Mart,854 N Kildare Ave,CHICAGO,IL,60651.0,2014-11-24,Out Of Business,,41.896896075381505,-87.733671166425,FRESH START MINI MART,854 N KILDARE AVE,True,False,False,POINT (-87.733671166425 41.896896075381505),22.0,HUMBOLDT PARK,100480876.502,23.0,23.0,48583.0643299,,
Shop 4 Less,1532-34 N Pulaski Rd,CHICAGO,IL,60651.0,2014-11-12,Pass,"41. PREMISES MAINTAINED FREE OF LITTER, UNNECESSARY ARTICLES, CLEANING  EQUIPMENT PROPERLY STORED - Comments: MUST ELEVATE ARTICLES OFF OF FLOOR AND AWAY FROM WALLS IN BASEMENT.",41.909107755034,-87.7266341468918,SHOP 4 LESS,153234 N PULASKI RD,True,False,False,POINT (-87.7266341468918 41.909107755034),22.0,HUMBOLDT PARK,100480876.502,23.0,23.0,48583.0643299,,
Springfield Food Mart,3900 W Chicago Ave,CHICAGO,IL,60651.0,2014-09-29,Out Of Business,,41.8954995109953,-87.7236995469981,SPRINGFIELD FOOD MART,3900 W CHICAGO AVE,True,False,False,POINT (-87.7236995469981 41.8954995109953),22.0,HUMBOLDT PARK,100480876.502,23.0,23.0,48583.0643299,,
Sunrise Food And Liquors,3737 W Chicago Ave,CHICAGO,IL,60651.0,2014-06-27,Pass,"33. FOOD AND NON-FOOD CONTACT EQUIPMENT UTENSILS CLEAN, FREE OF ABRASIVE DETERGENTS - Comments: Inspector Comments: MUST CLEAN SHELVING UNITS AND POP SLEEVES IN REACH IN COOLERS,LOWER SHELVES OF SERVICE COUNTER",41.8953147590408,-87.7201998415241,SUNRISE FOOD AND LIQUORS,3737 W CHICAGO AVE,True,False,False,POINT (-87.7201998415241 41.8953147590408),22.0,HUMBOLDT PARK,100480876.502,23.0,23.0,48583.0643299,,
Quick Mini Mart & Cellular,3944 W Chicago Ave,CHICAGO,IL,60651.0,2014-04-07,Out Of Business,,41.8954830295941,-87.7253817684926,QUICK MINI MART CELLULAR,3944 W CHICAGO AVE,True,False,False,POINT (-87.7253817684926 41.8954830295941),22.0,HUMBOLDT PARK,100480876.502,23.0,23.0,48583.0643299,,
Kso Food Mart,3524 W Chicago Ave,CHICAGO,IL,60651.0,2013-06-18,Pass,"41. PREMISES MAINTAINED FREE OF LITTER, UNNECESSARY ARTICLES, CLEANING  EQUIPMENT PROPERLY STORED - Comments: REMOVE UNNECESSARY ARTICLES FROM BASEMENT.",41.8955850035463,-87.7148144529079,KSO FOOD MART,3524 W CHICAGO AVE,True,False,False,POINT (-87.7148144529079 41.8955850035463),22.0,HUMBOLDT PARK,100480876.502,23.0,23.0,48583.0643299,,
"Windy City Mini Mart, Inc.",3958 W Grand Ave,CHICAGO,IL,60651.0,2013-05-13,Out Of Business,,41.906101127773695,-87.7259603741068,WINDY CITY MINI MART INC,3958 W GRAND AVE,True,False,False,POINT (-87.7259603741068 41.906101127773695),22.0,HUMBOLDT PARK,100480876.502,23.0,23.0,48583.0643299,,
Mobil Mart,3159 W Chicago Ave,CHICAGO,IL,60622.0,2011-02-01,Out Of Business,,41.8954442328984,-87.7064929538513,MOBIL MART,3159 W CHICAGO AVE,True,False,False,POINT (-87.7064929538513 41.8954442328984),22.0,HUMBOLDT PARK,100480876.502,23.0,23.0,48583.0643299,,
